--1st input

4
1 2 2 3
3 
1 4 5

--2nd input

1000
1 1 1 2 2 3 3 4 4 5 6 6 7 7 8 10 11 11 11 13 13 13 14 15 15 16 16 18 19 20 20 21 22 23 23 23 23 24 24 25 26 26 26 27 28 28 28 31 34 34 35 36 36 36 37 38 41 41 43 44 46 46 46 48 48 49 50 54 57 57 58 59 59 60 61 62 62 63 66 66 68 71 71 72 72 74 76 77 77 79 80 80 81 82 83 84 84 84 85 85 87 89 91 91 93 94 94 95 96 98 99 99 100 100 100 100 104 108 108 109 110 110 110 111 112 113 114 114 115 115 115 116 117 117 118 119 119 119 120 120 121 121 122 123 125 126 126 127 128 129 130 132 132 132 133 134 136 136 139 140 141 141 142 142 142 144 144 146 147 147 149 150 150 151 151 153 156 156 156 157 158 160 161 165 166 166 168 169 169 170 171 171 172 172 174 174 175 175 180 181 183 184 186 186 186 187 187 189 191 192 194 194 194 197 198 199 199 201 202 204 204 204 205 205 205 206 206 208 209 210 210 211 212 212 213 213 214 220 220 221 221 222 222 223 224 224 225 225 225 226 226 227 227 228 228 228 229 231 231 232 232 234 236 237 238 239 242 242 242 243 246 252 254 255 256 256 257 258 259 259 259 259 260 264 265 265 267 267 268 270 271 273 273 274 275 275 278 280 283 284 284 285 287 287 289 290 291 293 295 297 297 298 299 299 299 300 301 303 303 306 308 309 309 309 309 311 311 312 315 315 316 316 317 317 318 319 319 319 321 322 322 324 327 328 328 329 332 333 334 338 340 341 342 342 344 345 345 346 347 348 349 352 352 352 352 353 354 356 356 357 358 359 361 361 362 362 362 363 363 365 365 366 366 367 368 371 371 371 372 373 373 376 377 380 382 387 388 389 390 393 393 394 395 398 398 399 406 406 409 411 411 411 411 411 412 413 418 420 422 426 426 426 427 428 428 428 429 432 438 438 438 438 439 439 440 442 442 442 443 443 443 444 447 448 450 450 451 451 451 453 453 454 455 456 457 457 460 461 463 464 469 469 469 470 472 473 477 477 480 480 480 480 481 482 482 485 487 487 488 489 490 490 490 491 491 493 495 496 496 496 497 498 498 498 499 500 501 504 505 505 508 510 510 512 512 512 513 515 515 516 516 518 520 520 522 523 523 523 524 524 524 524 525 527 531 532 534 534 535 536 539 540 545 548 548 548 551 551 552 554 554 554 556 556 557 557 557 559 561 561 563 563 563 564 564 566 567 568 570 570 571 573 573 573 573 575 575 576 576 576 578 580 580 580 582 582 585 585 585 586 586 588 590 591 593 593 593 595 596 597 602 602 602 606 606 606 607 609 609 610 614 614 614 615 618 618 619 620 622 622 623 625 625 630 631 632 634 634 635 636 636 637 637 639 640 640 641 643 644 644 645 645 645 645 646 646 647 648 649 650 650 654 656 661 662 662 663 665 665 665 665 667 668 668 670 670 671 672 672 672 674 675 675 677 677 678 678 680 680 682 683 684 685 685 685 685 692 693 694 695 696 697 698 699 700 700 700 702 702 703 703 703 704 704 704 704 706 707 708 710 713 713 716 717 717 721 722 722 722 723 723 724 724 725 725 726 727 729 731 731 731 732 732 732 733 733 734 736 737 739 743 743 743 746 746 747 748 748 749 750 752 754 754 755 756 758 759 759 764 764 765 765 765 767 767 769 772 772 775 775 776 779 780 780 781 782 783 786 787 789 789 789 789 790 792 793 793 794 794 796 798 799 799 802 803 804 806 808 810 812 813 815 816 820 823 823 824 825 825 825 825 826 826 828 829 829 830 831 832 835 835 835 836 837 838 838 841 841 842 842 842 843 844 845 847 848 849 849 849 850 850 855 855 856 856 856 856 858 858 858 858 861 862 862 862 864 864 865 868 868 869 873 874 875 875 875 876 876 878 878 879 881 881 881 881 881 882 882 882 883 883 883 883 883 885 888 889 889 890 890 890 890 890 891 891 892 894 894 897 898 898 900 900 901 903 905 905 906 907 907 907 912 912 912 913 917 918 918 920 923 923 926 926 927 927 927 927 928 929 929 929 929 936 937 937 940 940 940 943 944 944 944 945 946 946 947 947 947 948 949 950 950 951 952 953 953 956 958 960 960 961 961 964 964 965 965 967 967 967 968 968 969 969 971 972 974 976 977 977 979 981 981 983 983 986 986 987 988 988 988 989 989 990 990 990 992 992 993 994 994 994 994 994 995 999 999 999 999 999 1000
1000
1 2 3 3 4 5 6 8 10 11 11 13 13 15 20 21 22 23 23 26 27 28 28 28 31 36 36 37 41 46 46 48 49 50 58 59 59 62 62 66 68 71 71 74 76 77 79 80 81 82 83 84 85 87 91 94 94 95 100 100 108 108 109 110 110 112 113 114 114 115 115 116 117 118 120 121 125 126 128 129 130 132 133 134 136 140 141 142 142 144 144 146 147 150 151 156 156 157 160 165 166 168 171 171 172 174 175 175 180 181 183 184 192 194 194 197 199 201 204 204 205 205 206 206 209 210 210 211 212 213 221 221 222 223 224 225 226 227 227 228 236 237 238 242 242 242 242 242 242 242 242 242 242 242 242 242 242 242 242 242 242 242 242 242 242 242 242 242 242 242 242 242 242 242 242 242 242 242 242 242 242 242 242 242 242 242 242 242 242 242 242 242 242 242 242 242 242 242 242 242 242 242 242 242 242 252 254 255 256 256 257 258 259 259 264 265 265 268 273 273 274 275 280 284 284 287 287 289 297 297 298 299 299 300 301 306 308 309 309 309 315 316 317 317 318 319 322 324 328 332 334 342 347 349 352 353 354 358 361 361 362 362 363 363 365 365 366 366 367 371 371 373 376 377 388 393 393 395 398 399 406 409 411 411 411 411 412 413 418 420 426 426 426 427 428 429 432 438 438 438 439 440 442 443 450 453 454 456 457 460 463 470 477 480 480 481 482 482 487 488 490 495 498 499 500 501 504 505 508 510 512 515 516 520 522 523 523 524 525 531 532 534 534 535 540 548 551 551 554 554 556 557 557 559 563 571 573 575 576 576 578 580 582 585 585 586 593 597 602 606 607 609 609 610 614 614 618 619 620 622 634 634 635 636 637 640 640 641 644 644 645 645 646 650 654 661 662 663 665 667 668 671 672 672 674 675 677 677 680 684 685 692 696 698 699 700 702 703 703 704 707 713 717 717 721 722 722 723 724 724 725 725 726 727 731 731 731 732 732 732 733 734 743 743 746 746 747 749 750 754 754 755 759 764 765 767 767 769 772 772 775 776 779 780 780 781 783 786 789 789 792 793 799 803 806 812 813 823 823 824 825 826 832 835 835 838 841 841 842 843 844 845 848 849 849 849 850 855 856 856 858 858 858 861 862 864 864 868 868 873 874 875 875 878 879 881 881 881 882 883 883 883 889 890 890 892 894 898 900 905 905 907 923 926 926 927 927 927 928 929 937 940 944 944 946 947 947 951 952 953 958 960 960 961 964 964 967 967 968 972 976 977 977 979 981 983 986 988 988 989 990 990 990 992 992 993 994 994 999 999